files/Maps/bretagne.mapgr
183017 575158
511015 25973
41806 138736
307321 423801
202159 228524
23855 537088
370150 490403
595428 529331
598382 426988
261818 63541
634521 526328
633505 235203
3335 147727
36573 413977
31684 406444
328567 365293
505037 175650
353250 32540
656774 92710
359900 230907
191425 232616
386795 138594
325845 471812
139514 362029
445314 63364
37077 254931
436312 222914
526661 286184
536055 372373
553785 168336
436444 417540
501662 87341
376195 296696
537454 565703
230638 518216
646162 359542
655589 393423
229139 316409
538867 81213
213068 221753
107640 23486
460113 156193
329762 96005
158460 649549
174435 222381
153090 634509
129696 419694
412789 89692
490703 485524
606660 346621
104658 254764
314740 162142
333256 399914
404873 299034
231164 7215
654647 193279
76627 316000
17236 218904
378426 49785
418354 610680
248183 541583
149655 632284
634671 434815
559804 134658
600641 288395
223703 30891
533688 139963
504524 25121
207021 529385
552888 577173
339530 654749
79149 284305
539433 638722
547910 228973
158093 298769
77781 408749
503336 71167
265886 84774
252888 427795
455797 613904
304218 607180
506971 524792
574453 656538
261853 229033
183097 396369
282253 654592
456324 298167
107217 89392
246794 206874
299544 302277
433439 407666
148451 357664
254887 341193
434203 254523
294985 399801
63164 498178
211218 148802
369188 187349
235008 318146
464453 533023
103549 109096
419587 160651
349920 135170
176698 275307
201422 504021
510285 113301
371244 204376
622409 37310
206551 427930
283284 604102
406227 452262
59746 447434
491764 28420
593085 536570
228862 390519
436278 617690
292057 408893
134638 156461
581812 211821
266918 223071
11810 379506
203991 412744
440271 27654
366032 194975
81601 590154
305194 254990
51197 327952
400532 488349
128630 235571
485169 518140
594783 494281
173232 593759
216100 499856
616258 489747
16252 450897
347981 543350
477140 504353
504020 128323
1107 60121
275702 229510
393476 623858
647153 422715
386576 135375
137551 146438
112202 431787
554588 317326
641618 1717
565594 58166
173070 576390
647365 399328
91223 89342
492765 23543
580941 320738
410347 129128
203314 448137
535529 28635
199300 282001
380523 25877
342437 35448
87356 377606
627983 500418
392990 11764
390790 172975
265004 524878
85383 544591
403628 426763
628330 289717
603967 241667
123895 301895
435425 83677
627171 325467
589735 26215
472267 552180
122977 438833
347325 385004
62900 184081
513225 661221
41350 307472
117839 447589
533609 307921
519459 65496
475462 618687
453030 217112
177625 444313
394095 646528
410071 352969
288364 568082
361871 91963
460630 335235
638274 67122
335203 171465
633992 380313
651055 71931
370392 465305
510095 233426
248374 448781
165402 43767
346343 510094
292954 75524
413971 522888
