files/Maps/bretagne.mapgr
277198 562177
510476 222168
655131 605009
372706 515285
50072 56520
635732 429283
230946 477976
492432 438894
421624 429030
116524 420593
317495 483810
291673 196435
632753 431981
92937 549530
270123 341187
137747 3726
33914 622697
325299 204941
162062 401071
153207 402894
634326 514153
521990 457941
439293 446803
78644 177967
167721 86980
214240 140568
431277 256793
150820 372120
148750 627907
299776 358173
472945 488252
394112 117517
490193 350579
275957 606065
387005 582269
439880 74001
567133 150300
76583 337436
299503 315386
556194 33615
208438 477423
650242 191400
390987 14185
194104 402121
196111 38836
347817 254233
30829 173012
358945 295410
478386 438600
533432 533292
354247 311532
399260 314641
355801 343525
163385 516087
207261 577894
582923 414940
11043 266993
112805 276628
214743 332785
298980 497719
43044 379083
172250 99172
273578 582451
33310 46667
142496 43684
22860 626826
404680 409758
421072 240787
598581 222016
456273 632143
326600 585615
501742 541326
159729 242205
199093 115963
452720 81608
436129 32781
599988 183140
400803 39117
267186 329852
625155 580421
45523 72086
648798 375275
585065 211702
440668 301409
286113 281484
369000 22744
58668 505942
100455 26088
351985 599811
661629 352629
374758 325309
618766 324685
661305 347894
652319 84941
29662 601219
139666 641194
8668 410561
96236 214834
356976 507783
515292 235630
129218 372948
199110 435188
227813 108614
364013 487110
107502 357278
588211 607231
61977 650333
595301 380531
400271 164510
224999 484590
92663 27213
572710 622798
308894 268773
70302 202625
425674 411031
71210 443351
103806 105963
625578 79721
544038 441595
326603 295681
103734 116696
380515 132636
143992 314500
626772 306133
75662 270984
252118 623671
467593 226486
441646 487240
15088 93883
433850 202217
12023 147589
124060 610941
472770 423087
345837 46920
536418 88610
151028 331881
475815 26447
538245 604047
569031 65430
380549 598804
497124 93987
191757 11952
174120 150172
598896 171066
367969 332582
479577 343421
371156 57495
534841 329966
304439 460612
162366 651899
457443 56196
560772 541258
481524 348060
252119 339267
147925 42299
156049 427035
129995 81727
345807 310718
495862 18581
189101 439997
13500 177776
297736 630540
555785 388682
584677 24518
593972 603388
87488 188852
506531 540764
319955 418666
438399 460566
543435 402653
473514 460410
374834 456216
333814 107981
250600 466638
361316 391285
38268 67193
3405 40152
605033 552079
251070 288695
521821 478026
235134 480786
305250 35118
146392 331339
531689 227749
408985 571628
138897 63198
226132 155860
570631 1223
621067 465572
497441 283002
38730 201805
654417 301865
135066 306988
124234 8585
583471 530778
3372 107744
568224 160322
647165 67971
531171 359809
300489 574164
