files/Maps/bretagne.mapgr
255734 299833
465277 363939
290667 617893
194942 456362
1299 580573
643542 214003
362258 230540
66105 583886
66601 17920
582189 311493
609961 770
331481 494862
259062 457771
522571 314875
191062 239533
501371 108285
242831 138952
402353 401074
518530 453927
145201 356617
446022 293131
168611 428553
660504 357056
224207 388675
113118 369298
91425 130790
71420 70145
130302 98651
61340 232786
631720 268485
127986 238684
378639 434242
378254 591303
608416 576550
69424 528463
216922 272528
472456 377785
18616 221882
193492 395495
132722 429554
172103 152950
136221 505976
4813 270483
68434 420259
145018 63267
266408 508657
571822 309965
574680 216253
291697 206562
543605 492981
434717 97349
467067 557897
99251 514751
523570 606541
357239 318130
87440 499243
644331 546790
270930 21213
464853 210972
251729 623049
246456 174475
601074 219615
437366 430650
484752 218967
132014 127182
144546 149789
280824 516640
216886 486070
152757 180259
586923 80564
255846 534808
302896 660512
407588 199876
252539 354915
104435 505998
228928 96884
257986 597328
222470 616197
644302 437985
582793 357776
584753 416576
554548 619431
238432 166567
217668 658895
93538 163097
62218 143487
236220 343469
505094 130426
16528 13568
327888 315093
517923 581769
296303 404430
273336 424894
285776 186027
516468 267946
562199 26414
476811 7482
660349 583253
387264 562086
147530 398937
34904 165820
383431 618102
431864 562161
48987 52295
596178 110014
570272 105624
18861 170017
88905 89928
377126 215994
618426 43553
202497 45118
427445 190623
562560 488353
101315 207279
198712 456229
598558 111824
488309 615592
155398 178642
494280 49630
75506 562862
618455 120484
453891 577891
191897 103237
451935 122014
574493 405494
175858 329822
658877 367345
274360 233253
658233 207231
395746 483100
256107 168739
94792 627818
77818 151645
574644 381948
633329 164855
543066 470984
151056 57448
258682 51945
26270 438215
397013 163005
574382 22020
234769 220436
501075 19461
388310 144564
197842 349969
441686 524569
661388 355026
270561 514230
154180 241792
312026 658698
124161 199683
232436 55547
25678 287973
327749 403822
287358 258893
554858 329746
388373 372431
511898 182654
476457 425618
143852 226096
323371 304473
73275 69929
109008 295709
595934 37751
221246 420839
410117 179071
296851 401111
566684 532824
423028 538648
15778 650728
269935 560255
458708 636531
424393 87783
628092 587034
491846 7042
579793 10449
515511 312538
181739 90197
283730 407627
141698 447973
187156 119765
196263 421045
256585 168962
122939 61799
456651 219687
193672 220695
649129 449248
340904 39721
161655 302995
91213 115364
253203 223889
377692 469746
627444 359190
413427 248583
628461 562494
121470 192401
510092 437819
183066 516749
112429 424042
216905 467665
